label,x,y,feature,Predicted_Cluster
-1.0,1.11628317735,-0.0846168521948,"[1.11628317735, -0.0846168521948]",0
-1.0,0.357888417997,-0.068925031656,"[0.357888417997, -0.068925031656]",0
-1.0,1.29818387536,-0.327787308334,"[1.29818387536, -0.327787308334]",0
-1.0,0.921728922447,-0.182737793621,"[0.921728922447, -0.182737793621]",0
-1.0,0.714853325911,0.14905594437,"[0.714853325911, 0.14905594437]",0
-1.0,0.900174373172,0.328504473834,"[0.900174373172, 0.328504473834]",0
-1.0,1.33202443672,0.244440876016,"[1.33202443672, 0.24444087601599998]",0
-1.0,1.55780215507,0.26749544731,"[1.55780215507, 0.26749544730999997]",0
-1.0,0.813290649818,-0.163350300688,"[0.813290649818, -0.163350300688]",0
-1.0,-0.305583778024,-0.368262189755,"[-0.305583778024, -0.368262189755]",0
-1.0,-0.0681264920684,-0.705172131799,"[-0.0681264920684, -0.7051721317990001]",0
-1.0,-0.189622472379,-0.680286763528,"[-0.189622472379, -0.680286763528]",0
-1.0,0.136428711558,-0.314032438249,"[0.136428711558, -0.314032438249]",0
-1.0,1.38002643592,-0.420954287314,"[1.38002643592, -0.420954287314]",0
-1.0,0.58800644334,-0.484287419981,"[0.58800644334, -0.484287419981]",0
-1.0,0.8068583125,0.194182314713,"[0.8068583125, 0.194182314713]",0
-1.0,1.22069088244,0.407619593611,"[1.22069088244, 0.40761959361100003]",0
-1.0,0.815095235767,-0.37203705991,"[0.815095235767, -0.37203705990999997]",0
-1.0,0.245957679887,-0.268524396622,"[0.24595767988699999, -0.268524396622]",0
-1.0,0.166413217145,-0.681926724864,"[0.16641321714500001, -0.681926724864]",0
-1.0,0.464800288404,-0.670711544512,"[0.464800288404, -0.670711544512]",0
-1.0,0.890815198469,-0.0344644443683,"[0.890815198469, -0.034464444368300005]",0
-1.0,0.230548023559,-0.404385848007,"[0.230548023559, -0.404385848007]",0
-1.0,-0.704531759245,-1.01224822753,"[-0.704531759245, -1.01224822753]",0
