label,x,y,feature,Predicted_Cluster
1.0,-2.538148259,0.503771144461,"[-2.538148259, 0.503771144461]",1
1.0,-2.83946216764,-0.227945569494,"[-2.83946216764, -0.227945569494]",1
1.0,-2.54308574983,0.57941002152,"[-2.54308574983, 0.57941002152]",1
1.0,-2.70335978234,0.107706082499,"[-2.70335978234, 0.107706082499]",1
-1.0,1.28482568886,0.685160470467,"[1.28482568886, 0.685160470467]",0
-1.0,0.932488532312,0.318333638263,"[0.9324885323119999, 0.318333638263]",0
-1.0,1.46430232199,0.504262815309,"[1.46430232199, 0.504262815309]",0
-1.0,0.183317719958,-0.827959011821,"[0.183317719958, -0.827959011821]",0
-1.0,1.08810325771,0.0745906751977,"[1.08810325771, 0.0745906751977]",0
-1.0,0.641669084258,-0.418246871569,"[0.6416690842580001, -0.41824687156900003]",0
-1.0,1.09506066263,0.283468270062,"[1.09506066263, 0.283468270062]",0
-1.0,-0.74912266983,-1.00489096118,"[-0.74912266983, -1.0048909611799999]",0
-1.0,1.04413182605,0.228361899788,"[1.04413182605, 0.22836189978799998]",0
-1.0,-0.0087454040829,-0.723081905005,"[-0.0087454040829, -0.7230819050049999]",0
-1.0,-0.507840883835,-1.26597119053,"[-0.507840883835, -1.26597119053]",0
-1.0,0.511698557448,-0.103981235499,"[0.511698557448, -0.10398123549900001]",0
-1.0,0.264976508112,-0.55003646368,"[0.264976508112, -0.55003646368]",0
-1.0,0.984934510471,-0.124817854126,"[0.9849345104709999, -0.124817854126]",0
-1.0,-0.173925371682,-0.254854208703,"[-0.173925371682, -0.25485420870299996]",0
-1.0,0.927860780944,0.467179494442,"[0.927860780944, 0.467179494442]",0
-1.0,0.660283761697,-0.352969665724,"[0.660283761697, -0.352969665724]",0
-1.0,0.236104993318,-0.333610766825,"[0.236104993318, -0.333610766825]",0
-1.0,0.94473372802,-0.54314555078,"[0.94473372802, -0.54314555078]",0
-1.0,0.0452269762987,-0.583834377472,"[0.04522697629869999, -0.583834377472]",0
