label,x,y,feature,Predicted_Cluster
1.0,-2.30273318223,0.0987088548141,"[-2.30273318223, 0.09870885481410001]",1
1.0,-2.35575404912,-0.0372818596774,"[-2.35575404912, -0.037281859677400005]",1
1.0,-2.50666890693,-0.146016880495,"[-2.50666890693, -0.146016880495]",1
1.0,-2.46882007312,0.130951489435,"[-2.46882007312, 0.13095148943499998]",1
1.0,-2.5623199062,0.367718857434,"[-2.5623199062, 0.367718857434]",1
1.0,-2.63953471538,0.312039980235,"[-2.63953471538, 0.312039980235]",1
1.0,-2.63198938727,-0.196961224924,"[-2.63198938727, -0.196961224924]",1
1.0,-2.58739847669,-0.204318491274,"[-2.5873984766900002, -0.204318491274]",1
1.0,-2.409932497,0.41092426423,"[-2.409932497, 0.41092426423]",1
1.0,-2.64886233435,0.813363820297,"[-2.64886233435, 0.8133638202969999]",1
1.0,-2.5987367491,1.09314575945,"[-2.5987367491, 1.09314575945]",1
1.0,-2.63692687811,-0.121322347866,"[-2.6369268781099997, -0.12132234786599999]",1
1.0,-2.86624165212,0.0693644715801,"[-2.8662416521200003, 0.0693644715801]",1
1.0,-2.62523804985,0.599370021379,"[-2.62523804985, 0.599370021379]",1
1.0,-2.80068411545,0.268643737798,"[-2.80068411545, 0.268643737798]",1
1.0,-2.98050204378,-0.487958344429,"[-2.98050204378, -0.48795834442900005]",1
1.0,-2.59000631397,0.229043836827,"[-2.59000631397, 0.229043836827]",1
1.0,-2.77010242603,0.263527533744,"[-2.77010242603, 0.263527533744]",1
1.0,-2.84936870504,-0.940960573641,"[-2.8493687050400003, -0.9409605736409999]",1
1.0,-2.99740654659,-0.341926057472,"[-2.9974065465900006, -0.341926057472]",1
1.0,-2.4056144851,0.18887142893,"[-2.4056144851, 0.18887142893]",1
1.0,-2.20948923778,0.436663141639,"[-2.20948923778, 0.43666314163900005]",1
1.0,-2.71445142676,-0.250208204185,"[-2.71445142676, -0.250208204185]",1
