label,x,y,feature,Predicted_Cluster
-1.0,0.356981494701,-0.504910093337,"[0.356981494701, -0.504910093337]",0
-1.0,0.331934479945,-0.212654683781,"[0.331934479945, -0.212654683781]",0
-1.0,0.376215651067,-0.293218929251,"[0.37621565106700006, -0.29321892925099996]",0
-1.0,0.642576007554,0.0177381901124,"[0.642576007554, 0.0177381901124]",0
-1.0,-0.906469864949,-0.756093366599,"[-0.9064698649490001, -0.756093366599]",1
-1.0,0.299000841878,-0.34889780645,"[0.299000841878, -0.34889780645]",0
-1.0,2.5311927278,-0.0098491094988,"[2.5311927278, -0.0098491094988]",0
-1.0,1.4152358767,-0.574916347546,"[1.4152358767, -0.5749163475460001]",0
-1.0,2.616676016,0.343903151342,"[2.616676016, 0.343903151342]",0
-1.0,1.97153105304,-0.179727904352,"[1.97153105304, -0.17972790435199998]",0
-1.0,2.35000592004,-0.0402609471425,"[2.35000592004, -0.0402609471425]",0
-1.0,3.39703873605,0.550836673028,"[3.3970387360500003, 0.550836673028]",0
-1.0,0.52123224391,-1.192758727,"[0.52123224391, -1.192758727]",0
-1.0,2.93258706899,0.355500002977,"[2.9325870689899998, 0.355500002977]",0
-1.0,2.32122881657,-0.243831502311,"[2.32122881657, -0.243831502311]",0
-1.0,2.91675096679,0.782791948815,"[2.91675096679, 0.782791948815]",0
-1.0,1.66177415364,0.242228407755,"[1.66177415364, 0.24222840775499999]",0
-1.0,1.80340195297,-0.215637617334,"[1.8034019529700003, -0.21563761733399997]",0
-1.0,2.16559179608,0.216275585074,"[2.1655917960799997, 0.216275585074]",0
-1.0,1.34616357946,-0.776818347344,"[1.3461635794600002, -0.776818347344]",0
-1.0,1.58592822387,-0.539640714027,"[1.5859282238699999, -0.539640714027]",0
-1.0,1.90445637479,0.119250692092,"[1.90445637479, 0.11925069209200001]",0
